1024.3853549316307
1048.9419228348852
1060.6503718370868
1079.5923267654352
1073.0542236216188
1121.2650169543329
1120.582654092821
1116.491848183664
1110.3744265858181
1103.8968059129834
1091.8839054192138
1092.2965547121348
1115.4324986118866
1134.3920626828385
1129.9858631115628
1180.7545136756464
1184.982369805843
1166.3912034749164
1158.0026918791218
1176.6527072950132
1187.136733732645
1179.3259623252159
1207.7580591193882
1204.5561451084286
1195.1189818419048
1165.004333012559
1165.243725917021
1149.9313226289146
1205.9088371048476
1198.1063734321756
1190.7161394794553
1187.4690028763812
1184.4778328819207
1191.1281006860243
1185.181918533658
1183.3434043933794
1207.6732338923073
1191.8485737499286
1184.0838176072502
1165.3840857335838
1186.9178236848811
1147.7930890704797
1142.7560548219844
1135.4010372022062
1128.287909818257
1147.7325236867691
1137.1242949890857
1147.2340528721954
1146.043277530336
1128.1048124233823
1183.0198340643553
1162.3759125123977
1159.1300765379483
1168.6313885016039
1148.7193666998453
1141.2540627175508
1168.911774522637
1176.4951124545441
1142.1185133894285
1136.6204222955066
1137.3388696387206
1160.5723184072197
1151.811583328978
1146.0227413566745
1138.7472493877817
1143.2115409461212
1140.0830931465882
1136.2867409956432
1140.6060802102277
1135.3188925320455
1126.4691887208298
1116.4307210398222
1150.2078678411453
1124.8618031545134
1108.9571575197594
1094.309438163555
1091.106522170397
1086.8712011321707
1077.353870348588
1079.7913718171299
1066.630275066813
1062.3407650664587
1049.5760727105855
1041.3259424213247
1036.6167852265326
1060.1406221501154
1111.7472145223135
1059.5084296118564
1111.0842474792942
1077.6036658484536
1130.0603418405874
1105.0030643863013
1084.2396708768472
1064.1020402813997
1063.7940905734965
1063.0691778039463
1114.8183293562274
1099.0003737322404
1079.1753358247165
1127.6611419842698
1126.07581890471
1123.066834221618
1140.6057902153907
1168.2110337681422
1143.2143107854115
1125.349195499724
1146.8561428713203
1135.6708674297258
1115.2236088231862
1114.0153848800105
1136.944855602424
1116.2690397795377
1104.3678703338949
1153.9855410796106
1133.5927653704757
1143.887815726957
1179.4532143788017
1147.236576600263
1177.025983745705
1184.1265527920677
1178.1649441460868
1177.8983118007804
1170.784726138679
1163.9922145332744
1220.6541992594146
1202.4446028716045
1175.7736529694516
1151.1845690319096
1169.56895116493
1204.8011103379654
1228.5232217559123
1249.5492759569806
1233.7533849660304
1257.4959547456567
1274.4879831047876
1273.3853637876728
1271.7055206133746
1292.6452360257867
1283.8805589569013
1259.4073713930363
1296.1704470811617
1321.6410768443786
1302.1105199577785
1307.425154718954
1286.412634157139
1235.9112617112587
1201.0998865601705
1223.4106276074654
1222.2543097694484
1221.9855674096934
1219.4899268845816
1211.4667365739076
1200.5700184283223
1218.0014655548184
1224.3607766897933
1206.8765778046381
1226.586014922013
1218.0535336531589
1204.991930352683
1186.7464208401645
1172.6487203913427
1157.0382523916464
1162.8861830086346
1145.942780298019
1201.7261364953908
1176.3269974065797
1201.5261833656268
1220.5833793141835
1232.9109306454638
1231.9684077233164
1213.5299861621643
1204.470304610262
1263.1027225515468
1261.1965271043841
1256.7289706077968
1224.9052525052484
1284.5324234105547
1312.7590589699
1286.3805119044273
1279.385314796297
1251.853996635307
1239.4069145170206
1257.4649795605874
1303.384373574376
1316.2588771780358
1295.7957856138682
1288.6348674257881
1285.506033375744
1348.0831900947037
1334.6615841896373
1346.8405516366483
1332.4632145475127
1325.5752745585696
1310.569694297596
1374.366925132691
1322.3961478253846
1386.769078670144
1449.0746322761097
1417.7184258932248
1481.41448945657
1438.3939374655972
1424.3656832234146
1459.3418509013184
1503.8901225392015
1516.1263529483795
1478.1581914503843
1471.8979441694507
1458.7487519097574
1487.9895708000586
1534.6099053852477
1500.9047408189392
1532.1754824916666
1571.6080232486534
1554.2890999538135
1597.6286176268236
1631.971065059479
1595.8188189942416
1569.8764085634464
1576.325931117664
1615.2551478328016
1601.4085433955129
1590.3290990740952
1586.775841132148
1599.4421279561452
1621.4457306334978
1624.0863047228677
1620.728798049136
1651.7036233254212
1626.6520964057663
1663.9065530387406
1660.274473240212
1702.0545773574984
1702.0545773574984
1662.59813269626
1650.5390082461115
1628.8617437983796
1650.11043458242
1616.7310332447469
1624.891207961287
1652.6486860963016
1661.6030717768444
1641.4420426797665
1698.3564789525
1697.5949249949922
1694.112598604727
1673.231906730186
1696.2108746029776
1739.9088864848377
1728.0357731978104
1697.9844696821049
1689.304875964895
1670.6503749798337
1674.1835354394875
1667.27275008864
1663.3502519641572
1688.651285823205
1661.6059921756578
1608.0056742280565
1636.8616298737138
1627.5626686461678
1637.1650144794098
1626.561970330009
1652.7179108294745
1644.1523184627351
1642.2147682027658
1642.2147682027658
1677.952981029487
1670.9090240067524
1654.182872572074
1625.5884240935175
1658.0232250185254
1636.8342402200335
1607.1282538939058
1624.7062055953174
1677.9550065079325
1665.013464134623
1683.177419861196
1713.3108664892916
1693.1087943476887
1691.296037430396
1712.5873929600757
1732.4271289224362
1781.662586339726
1760.899049600762
1777.0474988867022
1768.0595719115115
1744.8411581084977
1738.0260818093439
1762.6152945580911
1783.6455844580137
1780.5736168010274
1771.77492932158
1779.9395208382705
1843.0375664600572
1829.4386059502845
1872.7719746387802
1852.227409697735
1840.8666498302814
1831.1117057388346
1818.5856342567704
1800.2663900412017
1815.4124903472693
1839.1590034253156
1835.6747999501324
1846.1948145446186
1837.9735651036715
1828.0282995810664
1887.1812808259374
1876.4112583086105
1858.661507210909
1867.995075331513
1862.3131465252407
1856.5635381327124
1898.874313038544
1887.8047139878174
1879.1305772412054
1865.5617866739437
1865.2587833567177
1853.2469319311251
1843.9176259435658
1866.1645480079628
1851.0290832226008
1840.1914115504078
1827.6115557742803
1796.613127325608
1816.61709857138
1799.0964518836122
1787.1122043078808
1785.549876217572
1796.8003180607466
1832.6333573509742
1802.627068143778
1837.965997120903
1823.1016016770723
1843.1643122541411
1804.9461079755458
1847.258796753631
1807.0119145101273
1796.7718879311533
1787.1683166340335
1791.4619648002504
1787.6143868516785
1768.7889712492233
1753.9337753821626
1805.0735505491632
1790.6891510173623
1877.8581200683236
1888.9342229494637
1828.1946068152993
1858.8415833962245
1855.283769634718
1854.6992729669298
1838.7272817226049
1791.220924066122
1851.7598897629014
1843.483474514414
1758.3425640310109
1758.3425640310109
1809.157737875547
1783.7361987147829
1763.5699616907584
1763.4543490169938
1760.0220868456986
1711.2145780665671
1660.6118984022285
1703.574980027423
1695.2021867784317
1640.1333350978616
1630.7550622080555
1610.9262243320284
1584.5492161298844
1592.612477277155
1555.4410670950685
1545.915236574776
1559.6149530449711
1635.5354596812876
1641.794524768792
1625.013180229248
1616.9621224285663
1603.7391276902295
1590.4852379791632
1578.0461986715893
1566.4228726874292
1552.2192735882254
1542.959589348472
1528.7995034344472
1571.4866075149378
1616.2705322351253
1619.1540472417437
1645.8901538617724
1627.591382258302
1655.472322828869
1641.6289782938413
1602.5221573989986
1576.6463239258987
1595.0452610636821
1666.7083660071858
1661.7093536545347
1691.5415845823256
1678.343771905723
1671.6782227873407
1653.8268918937451
1652.4782263086402
1660.3397801819565
1711.4963835772267
1686.614469969145
1671.9606100874653
1671.3453856530955
1676.69703243076
1717.1875085120814
1707.879391718137
1708.2494330940187
1710.0140015989061
1737.1462148592836
1724.490445556321
1703.1515713666918
1743.4886371251248
1750.862776752487
1740.2740003377667
1775.6109303500675
1769.0736087536716
1776.0263102168965
1774.363911958428
1760.9942878920908
1752.3054525557372
1746.1350916097213
1742.5304159047314
1740.1678856953238
1729.2651631674273
1775.078215636597
1775.078215636597
1741.82596264308
1750.9036215304327
1751.9387355624233
1764.4206618752867
1779.3352966358793
1771.4408799841863
1750.6630804358285
1803.2992729552968
1778.7213421136353
1865.30773011565
1853.828652010428
1891.7108615060947
1914.9967899674905
1905.2910348709972
1932.1909823374858
1925.149658155155
1914.4729826252963
1937.4082256843535
1920.3181949887753
1966.6837801203383
1966.6837801203383
1971.0860739292336
1927.7042193471161
1896.3285881373176
1886.6203970316792
1879.143128332892
1866.4372339622246
1886.0878135533706
1888.2500049795024
1885.0991419011925
1892.9651543076961
1874.69959195729
1859.4043278670665
1915.0298412095126
1901.2956093295804
1899.9736467245841
1894.6724975744637
1904.9853546354282
1915.2375319637742
1900.8959230678822
1967.5383346228944
1958.1316676610904
1983.3550064005062
1964.254215563343
1924.9877361344943
1912.0371696799198
1902.6792261108824
1891.4878091697583
1893.4935678041668
1898.7732617033712
1889.2794652797736
1890.9601879209638
1931.358737813452
1932.0633682915004
1927.5290027379551
1916.008274277977
1905.2766275702406
1952.7316803133604
1931.910553996507
1931.910553996507
1936.8707280139106
1947.0078219197885
1943.7074997940613
1942.2113007547625
1958.8872105898167
1954.5459918800639
1972.3838951104667
2034.9531217485874
2018.0326338921052
2014.0154692827605
2023.9654432157304
2020.5198987218168
2016.7805283592668
2014.9240053380183
2001.6878789133227
1997.83226800426
2016.3920814865078
2005.93008318622
2005.5043092962615
2002.8807343606497
1998.5036786271376
1989.6288851088334
1979.9228308203344
1975.4493634956345
1994.729883421987
1991.4368495797598
1987.9066947614338
1982.182675515472
1983.3502568808885
1984.0337301881473
1984.0337301881473
2073.1735313516006
2073.1735313516006
2073.3911195468845
2107.9211495931
2084.1189030238406
2119.6944143731735
2116.273616508723
2115.8444451931045
2109.9588766616607
2106.9506409935943
2104.595064981031
2099.517307689233
2128.4985047316736
2139.6220951918694
2155.9073524661244
2163.1778676106587
2143.844582764247
2151.533543733278
2148.989577913161
2189.270190776744
2177.4318881377444
2167.4890238057683
2159.796758032541
2145.731485654121
2145.731485654121
2166.9615166626963
2156.520225869853
2171.0292813611286
2158.3033636032606
2150.334873120911
2147.0902710304204
2134.0034718782676
2119.671464281917
2112.779560520948
2107.489713378298
2064.7549329458434
2064.7549329458434
2060.9607890052894
2098.2456844553294
2136.4095661088104
2140.1953146967066
2140.1953146967066
2150.181128596892
2139.1368468872683
2138.3119416456893
2135.291046289715
2134.494870604508
2129.791813906648
2121.848124773702
2109.2990749265646
2130.1393308992065
2127.1403598298552
2165.9107737536397
2162.616744695818
2160.216906995426
2158.580237105076
2214.399239826688
2216.769805303069
2203.1095849661297
2197.753490241143
2195.661716613376
2195.326909978019
2210.379115346248
2210.379115346248
2195.4657319592843
2192.4026748634487
2184.7167991866872
2181.8263900056904
2197.2026015696806
2210.427351243002
2206.5083845413214
2204.945161925206
2200.548299925499
2197.3914882909417
2203.8422543065626
2264.587878073846
2257.2372324121848
2310.028502234185
2385.705759032652
2376.7835891660407
2370.5704474533413
2348.3013809338754
2370.916912657816
2346.2202805152274
2340.4219807860654
2317.0328907916996
2301.211974389514
2286.9219076917298
2260.256780132781
2319.7793223362823
2302.407852681394
2299.6117764069277
2291.6149822457974
2286.2968797956337
2267.4217914657115
2263.9537000463156
2303.9259219783025
2308.0870943067735
2256.422206395885
2256.422206395885
2201.750939005218
2201.750939005218
2200.521143669615
2208.647148098111
2205.5311646284317
2205.367444766251
2187.0858139576803
2190.5284613065555
2183.8892630160212
2180.8495764367512
2211.115203292482
2222.487310377727
2238.3565702312344
2243.4178071728084
2235.43455801783
2229.9954797861515
2280.3141517409267
2263.44279502594
2269.7577691269553
2286.843617549098
2284.079472864307
2293.216380481852
2273.3317571131333
2266.9255278696614
2264.003959754274
2257.985291341218
2253.3401692481207
2274.5952617598386
2269.9792873451015
2267.3401597467805
2261.7726461863153
2316.4257894872303
2316.4257894872303
2314.6741936040025
2310.6888502140505
2299.203569672203
2300.372349731605
2279.239535191699
2257.132080481189
2257.2274138175626
2295.4438542062335
2294.2276581923743
2275.321016991954
2323.292322230089
2310.60769114755
2299.075435935595
2295.1884459797784
2279.2521357084033
2252.143050496809
2276.078158795902
2255.177586992053
2250.0471275448194
2239.255241993326
2234.410997125096
2246.01860161884
2248.9508415065575
2253.4663349416896
2291.1306744465182
2279.4994911164185
2294.769540924397
2329.528888644691
2328.471505822807
2329.170047274554
2323.083664140035
2321.0400755060427
2315.742230544388
2314.6942153404807
2312.2927882004437
2311.996836495624
2309.3542207752944
2280.8236619176173
2280.8236619176173
2323.813800342483
2275.8101938722616
2319.959742523616
2320.628875396389
2349.3775657078727
2349.3775657078727
2340.8128804716525
2320.65224856023
2286.6056839416055
2277.4825850197744
2286.3912545060584
2278.6244140832605
2309.588967072358
2303.432847523342
2318.6486798013443
2306.673334196982
2294.361770461432
2344.4669302947177
2342.4188467455688
2289.867566427903
2289.867566427903
2276.0679522911723
2275.5320956469773
2275.844807985398
2268.696473025022
2275.9652513233436
2267.2899518064396
2207.6435798222506
2207.6435798222506
2268.193967997705
2283.912559446694
2283.912559446694
2242.5896948760537
2242.5896948760537
2224.118084585262
2204.7385880861216
2192.0991681400565
2181.792338992365
2194.379239830728
2204.8684329265607
2200.2722353865997
2249.539589252497
2268.1861400400458
2261.0332055741796
2285.454127124989
2277.3901516708033
2275.305514861576
2276.536605643778
2297.6604989263287
2313.2329464160593
2362.94164212181
2360.707732847819
2357.5338862894364
2350.9136015354698
2344.311907466659
2317.7038893550925
2317.7038893550925
2310.7377689173954
2332.0337666105634
2327.4707552587956
2328.584665747534
2314.311986003745
2322.206670757019
2319.139174739969
2320.9510946537384
2307.2653583993324
2315.4838027955516
2312.947474966403
2369.6989320675166
2359.827501714632
2362.302664097063
2296.071050988917
2296.071050988917
2336.3363676059653
2328.581194535046
2320.241197151461
2315.563207098708
2339.6047091847086
2342.735080250057
2328.699815043137
2329.6396816986953
2326.4802766808816
2301.5516216331034
2279.924208627802
2260.7048091524025
2262.721975164334
2255.805726050773
2256.8003280087632
2251.4008998034265
2212.2006974964033
2212.2006974964033
2204.519745187798
2202.840536020246
2202.185823162858
2199.7801811849413
2197.52302177532
2170.326236064426
2170.326236064426
2143.377923440842
2143.377923440842
2183.4719897247387
2181.7300809384246
2174.322366036019
2178.4051695633825
2170.298149569419
2168.1100045812145
2163.2846648747727
2171.8963520046127
2195.526362384143
2192.1759683592213
2221.4591686060694
2217.6047420836985
2208.953008974777
2271.3361934920263
2252.9396421882184
2249.818071987499
2242.6993634391165
2231.121067538868
2222.56290027782
2220.709252277466
2219.00512829288
2186.9969150932666
2195.6654447383135
2240.1911297682122
2231.6778256862294
2225.41069403577
2219.8949850694967
2219.1255283308433
2217.294400943236
2214.731018423572
2213.049169021241
2183.95830056979
2183.95830056979
2169.026272334176
2165.9153284628956
2149.478996061959
2130.498864324317
2130.498864324317
2114.9490306154044
2130.350913233433
2123.4718004756164
2119.01861796348
2093.3728809989466
2093.3728809989466
2081.1882186339258
2083.6572816846533
2084.0093093086207
2083.678920252523
2083.2120920956354
2082.881766850374
2082.687942182846
2082.2377684398616
2100.905620734843
2098.5392687400363
2096.583752323948
2094.179752629015
2088.7060841986586
2088.6547207953417
2087.4027909028036
2083.963962488073
2081.7483049898833
2123.9420670437858
2121.7480818859144
2112.939577974399
2102.90417488825
2118.0844800436935
2110.8925421946406
2108.39856174664
2106.7594060971205
2100.9907682164394
2133.542613929143
2124.96107798907
2119.75387965395
2117.3318002209685
2116.16206117724
2116.4133650336553
2116.5781947658575
2113.186615636501
2101.336771664035
2101.336771664035
2082.614623764098
2082.614623764098
2103.573115644509
2104.067751393209
2101.287265026136
2101.7894902090075
2099.14599916193
2100.931841898644
2096.9194799183556
2106.861159617046
2106.861159617046
2104.464734102691
2098.0967451389884
2093.8004220544694
2104.4983686385112
2101.952178434097
2165.736965073291
2156.100628165149
2151.9862120558078
2146.5431021921254
2225.222863396958
2221.809960549246
2211.303372542192
2163.936403459597
2163.936403459597
2123.85003271356
2126.373365090808
2120.5758074045557
2108.219598659025
2104.8994270460785
2127.899058662571
2124.032787698279
2117.6927382130016
2178.4661511722393
2180.5696508255405
2238.974605122533
2238.974605122533
2282.646737069911
2290.445456250273
2310.0277246493542
2321.403408548453
2314.8839433124517
2308.3827874434505
2287.767118690292
2287.767118690292
2267.0187020557205
2249.9121740350347
2240.955232562563
2226.7232224246686
2250.347772917521
2262.218571188448
2261.955634060756
2261.955634060756
2247.388196256692
2237.0255154963834
2235.63674698575
2231.1680431891887
2224.998564350991
2223.444994939526
2224.435497599293
2225.324204149141
2221.1373296909096
2240.8525603443686
2244.398031115664
2239.3814312944965
2301.4833261944927
2300.631910991685
2299.4383019181973
2303.2482733758716
2311.100269506609
2298.2432862958603
2284.434415854768
2276.789839468936
2276.6257303278057
2305.093119446482
2304.8963526600346
2283.1261306354863
2283.1261306354863
2289.1655529378477
2289.7515113948893
2290.0992144021757
2287.736393185493
2286.3915779153585
2298.15251525689
2295.7654516202265
2291.677023657216
2287.4255676616035
2398.7751720307306
2326.313142326874
2308.292476143899
2284.005069718545
2269.249349273251
2265.103650003115
2256.8067756546775
2257.361495044468
2254.361620099848
2258.3538488590784
2317.4017907402936
2297.6184590211687
2291.017597789992
2351.130340934945
2342.8604423809593
2339.376902712148
2338.556922383897
2343.877791467311
2343.877791467311
2290.368439547804
2290.368439547804
2277.583865434049
2281.325198248597
2267.787779514642
2281.0839283079354
2273.6629726299675
2267.913989895601
2254.9250575163924
2254.9250575163924
2278.889047759374
2276.0125358922655
2275.384056710544
2276.5682998060206
2276.3142566724005
2282.0962704878757
2273.425485273225
2273.425485273225
2287.1593763646697
2291.8731103861082
2287.1288056797016
2288.5646382673795
2287.938419617569
2284.1313050656454
2268.5210005873582
2268.5210005873582
2329.6440394599076
2308.7996052516105
2297.35072677895
2400.5674130035186
2398.4728789989313
2393.94289060296
2387.7421633816925
2382.213225050795
2382.213225050795
2379.948958842396
2375.826783082225
2391.56189740701
2393.093971974468
2372.8379174709244
2363.7085911619993
2364.480733076899
2364.480733076899
2353.3017304575637
2357.45204338063
2425.1503904434226
2420.750767716066
2422.8927618835337
2438.394232328811
2436.532305392052
2419.8741336896765
2419.8741336896765
2391.2319251448494
2391.2319251448494
2407.159749351131
2468.752387666052
2466.9081256830527
2439.738635615975
2439.738635615975
2419.1601147468627
2419.1601147468627
2412.694781233544
2403.3748254408592
2393.7270545816395
2380.5307716891393
2377.9180165387825
2405.3087146239654
2393.6840509080216
2389.3491388223642
2387.3151386609225
2386.1983209646055
2388.5341151385164
2388.5341151385164
2384.527380043456
2386.013261142889
2380.752713119887
2381.2862366406075
2381.639164370033
2379.2808065599716
2380.677784653163
2423.820097714873
2423.646998573442
2424.5621018794527
2423.1285417204626
2421.1559163996003
2415.060588612113
2397.6051037393804
2397.6051037393804
2394.748538732487
2387.1804860912075
2387.1804860912075
2367.803457487507
2367.803457487507
2364.811075119642
2343.3527744000626
2343.3527744000626
2330.8371347299403
2403.6602335208877
2397.410377786251
2399.7394617614
2399.7394617614
2386.360961256821
2389.035973366031
2385.8038643673535
2384.6401318663775
2389.6351448948044
2389.600223217132
2384.4906437182854
2376.4022941121266
2373.3816683838445
2375.768253477754
2373.68069134008
2425.085365604846
2420.7107533681346
2415.562405633051
2411.9882252264506
2410.3685688845367
2405.6277610671864
2405.786303392417
2405.786303392417
2407.399234649811
2404.648409118956
2404.2134447048707
2403.9711733724976
2405.7488436054923
2400.50574268457
2404.2308642873477
2412.5174346866597
2404.8651214360048
2403.8464470206004
2404.7608672713986
2402.971703556433
2402.1487648692623
2403.766884367622
2410.984598339071
2400.917079785425
2394.8206601765633
2390.7555879578363
2421.2314181780603
2419.6710902150253
2422.8726506144017
2424.5523489089624
2420.5122292649858
2415.3393358341414
2491.034074112275
2484.04257951166
2474.6277311660706
2468.1844682669353
2462.3092850951966
2460.4771426214716
2455.710452124267
2441.3064753530316
2550.9908877099638
2550.020462796437
2565.364519818983
2537.7066512857323
2540.2206194357705
2563.814612553727
2556.7283979421286
2549.661769160674
2571.1352463100184
2564.2569097327755
2561.2283106771024
2543.4817757196274
2540.0278646381867
2531.8092225768232
2527.8148317175132
2525.350437000241
2522.210634894476
2520.8277922190437
2535.3720592393406
2565.6631924920403
2558.54231984904
2544.8341489016766
2567.84330068601
2561.7187694640124
2555.4518977065577
2546.243689069195
2556.912954660275
2547.7458269423128
2602.6796530622873
2593.834662757288
2598.0161981293595
2589.2274099737842
2580.6356484456273
2572.903348830522
2569.351571498202
2564.644723254331
2662.5966576684987
2636.9735671648996
2612.5372099324436
2654.0429028596195
2659.584620178225
2648.5922680016984
2640.218827264895
2613.3096099931463
2600.5417078894457
2609.457422181982
2607.0705571041335
2601.8423232891646
2579.65161357533
2579.65161357533
2622.486079957046
2616.6545643805102
2606.397433407537
2605.382601367883
2601.3532968435943
2601.3532968435943
2624.255728647421
2606.5376154254013
2595.594118743981
2595.4221459777445
2593.8243025818806
2590.4885334530168
2590.3175356099096
2591.1941834591566
2586.5995537728763
2584.015121937121
2587.9471532943876
2597.7783271577764
2599.869497139254
2598.587328429957
2600.4767344819948
2591.46104801465
2568.2076814788825
2568.2076814788825
2537.738541770446
2528.621790916403
2539.162848775474
2527.6400814286694
2551.635760828921
2555.2734274598074
2549.7601534362884
2545.9820092010673
2625.431323593788
2594.1518391121517
2613.709668031398
2603.097393718942
2597.3491017514916
2594.8442089709006
2603.8626737080804
2624.740683142034
2616.296895441436
2608.7322633509807
2638.608828120503
2625.6267820242897
2624.1214569009617
2622.1602019303787
2611.672098841558
2591.551166789936
2632.060005516746
2630.894000942136
2624.175112042495
2640.583408907004
2613.9469263515643
2606.8482789266
2599.0724099433473
2594.454084988838
2687.1287210496193
2667.2765550858803
2641.7643463622053
2628.228150978451
2622.8497089128937
2626.7422009140473
2628.0098414866834
2612.476367211164
2599.075055901991
2627.907005416654
2616.8612902436757
2607.150915648488
2642.2859092602334
2631.522856542556
2634.2014181062973
2624.369133747834
2627.2065329829684
2629.3134832892565
2624.7882324712364
2628.03865775447
2625.420177321578
2667.6406316999864
2662.987164402764
2660.406873455909
2771.910220481971
2760.8269200182576
2830.0275273920774
2831.151816736824
2812.566870972384
2804.7559063036833
2802.143874409793
2802.143874409793
2835.8207566664582
2864.670028030184
2864.670028030184
2822.4500232033274
2904.6056218662507
2897.8776068033567
2889.261282338087
2888.1386114647835
2815.1752759363835
2815.1752759363835
2771.01042358485
2759.754789628455
2758.441349736332
2768.107760513426
2760.9730359215882
2766.0940447296352
2773.73972405558
2764.9293913738834
2758.1130987843203
2747.4075943127273
2784.9853023260634
2838.7591951912655
2828.272113910075
2902.7398347921767
2906.3158108828393
2878.438394167367
2865.302431393648
2843.3224842937307
2921.7414305639577
2905.2637563037283
2895.9020158379903
2880.649644595125
2903.3208458062945
2934.673966864922
2967.214967428013
2944.379577664941
2930.574754133721
2941.683539540354
2986.6659918939567
2972.55825960457
2968.3958280167353
2961.0363467799166
2950.3237737558106
2933.0012104775024
2934.7919085474055
2914.2833755551824
2919.874842381492
2922.654568574478
2894.107160481228
2927.8716879479707
2934.5439139774035
2938.1825590006406
2932.8380736417503
2926.3553441933213
2938.308982186021
2930.096461040649
2954.469370519666
2972.3761213906555
2963.538199101376
2955.910023232634
2953.3527500730283
2930.5444963896343
2910.1730863635125
2963.1868817021923
3003.4383195017913
2993.8877277244987
2988.734814991134
2976.189544983593
3109.905489540355
3191.25100032706
3191.25100032706
3188.726106414019
3186.699818627221
3183.9295659224026
3176.9528065975887
3158.8950594403523
3158.8950594403523
3135.660033024331
3148.656956597296
3134.601036448296
3120.2347362631313
3120.2347362631313
3066.965725611635
3066.965725611635
3121.713812588082
3123.0973916575267
3110.5406044927136
3092.7369637467236
3084.465002092494
3078.2748173287323
3073.9296347345976
3071.189921423711
3067.3093285565005
3063.8897434682126
3048.7823645637054
3059.4718621226802
3065.8858107113247
3044.801611305892
3037.74794230994
3033.658110161104
3027.0765726592335
3020.5093138381885
3021.2480390787296
3011.780642512053
3015.585055323254
3009.9702760460254
3013.600249294415
3001.310324122218
3090.937356154539
3082.0403556106467
3077.329622401807
3076.7300536464177
3069.8175971438873
3067.910821260778
3080.2868544419216
3102.7932834491457
3059.0168046843246
3059.0168046843246
3102.569793703522
3118.363666867696
3114.601834528532
3103.248495338623
3091.857773361963
3091.857773361963
3116.827220744699
3113.332440569898
3115.593898704813
3109.9034126441193
3104.3662881277746
3075.128404509873
3112.6827140695764
3104.5819018633497
3119.2390944683007
3115.2271076330017
3108.857005306014
3105.6642576722334
3114.830653160064
3128.2135524101186
3119.8739655202867
3108.5557369688554
3116.3011767989037
3107.82319890322
3133.9772794992214
3125.545148867536
3126.2703781602513
3124.2361157660093
3125.385544424708
3122.296147654557
3104.7189984585134
3104.7189984585134
3255.8536351623784
3229.675013673819
3201.9602957697866
3203.5028329794495
3209.8422359075457
3236.4842551744605
3260.0899351141834
3254.522378926293
3238.812766789731
3225.4433613144765
3220.1314145368056
3219.843606357967
3214.30077901962
3206.0185190415605
3200.4939436545383
3180.3361354790936
3180.3361354790936
3248.293639573634
3239.2887309233447
3233.1832561949172
3231.5369437691256
3229.6302088508432
3228.5085532358703
3226.865255180341
3297.9939212012814
3295.877620009014
3296.0904566796185
3293.9775675775886
3260.322581339618
3260.322581339618
3228.4433267319077
3228.4433267319077
3213.835252680125
3208.680725954301
3199.7164264506673
3198.640736494976
3186.8820752904967
3176.42925420202
3172.328198484721
3166.469619345547
3169.396928595808
3173.8582133477166
3169.5075605260736
3160.1359241151013
3176.014080372468
3206.393134876057
3214.6719524341333
3212.301099799461
3204.54825083226
3195.2845092104058
3193.9490964311576
3187.0228710637844
3178.5889599103434
3189.288605855948
3245.8001975966276
3227.785246952338
3248.4726383838806
3227.1613507746274
3217.9303459090847
3212.4390041459305
3206.170766728129
3206.170766728129
3181.35834573586
3190.964689102751
3174.5305228461443
3167.1974718719803
3165.711887460637
3160.5750981285814
3153.022530749121
3161.6232580420387
3186.058013727412
3181.4960230955253
3181.2854892530913
3172.095219470016
3172.095219470016
3178.2476062402075
3174.0582850427263
3255.0273359785724
3259.6693618300674
3248.9489516662616
3277.3324793664465
3271.369531811597
3257.396699855482
3250.911678222749
3251.373339011432
3245.6834741216826
3234.3735864210475
3238.556818552586
3198.5534456196274
3207.2095255004215
3207.2095255004215
3203.1661238092393
3199.120562043054
3197.5802039931273
3194.7926064771127
3187.0159656537357
3164.533442210209
3164.533442210209
3163.015522153826
3159.2821288033883
3121.185808597656
3121.185808597656
3086.17737268577
3086.17737268577
3158.0767898126487
3130.278305564241
3114.075333656535
3109.2273308153503
3122.445096679116
3139.0173274385634
3127.349724024009
3125.4875262333367
3139.4849838202135
3150.0921839175426
3141.8833783879486
3177.8924679481192
3185.238207354613
3256.3434193784788
3247.6891697006513
3247.1430227204282
3241.022908086969
3245.8037514374155
3239.167761979608
3234.0613241700066
3233.2236036721974
3213.3162128020936
3244.2323945359058
3252.196757557671
3245.1497295481013
3242.66110466622
3317.1238660795298
3312.1809878156264
3294.0251693879136
3294.0251693879136
3294.8994923860214
3245.890238566221
3189.7651345718114
3189.7651345718114
3173.0502351117852
3230.177948343131
3245.0682557718774
3231.2116981507866
3224.059347436835
3214.964417624037
3215.2885990587556
3209.1635133929817
3207.198193547918
3206.9404221602053
3222.549315494092
3225.900725188632
3221.9855759704983
3246.033840611698
3243.29733242134
3241.3038911340955
3247.554977209854
3242.106268698646
3237.899817082932
3241.830103726238
3236.1322204451617
3251.0673002125363
3237.362307321891
3266.0589706584888
3270.891373835764
3266.41965350937
3308.0576497088996
3308.0419738605215
3307.774275994863
3314.81936663856
3304.8590369545495
3304.8590369545495
3302.57361513849
3301.045453796795
3298.7634179667634
3296.93466298737
3293.396368963488
3289.359370527574
3291.8548281035355
3291.0809578743388
3288.799329498776
3289.2834021629224
3287.2566430679844
3285.7330806785044
3283.7089687730786
3298.100351515284
3294.572867192733
3293.5558686703644
3293.04014308548
3280.1957740208313
3280.1957740208313
3280.4284708135046
3279.408825378532
3276.638745982443
3274.6211526740194
3287.6798617833438
3286.1480285928415
3284.113978963809
3285.350715223585
3283.3201618747153
3294.8258174675702
3294.8258174675702
3292.2987129344365
3318.26337420246
3318.2548400909077
3314.230263834779
3311.7131643886014
3303.9349240807965
3305.67836660813
3302.154116065369
3300.637051094185
3300.8752744730855
3338.8518855145976
3337.5434498310487
3335.210247384304
3338.215100303816
3445.6524184276273
3445.6524184276273
3444.740674007245
3456.2597110635334
3456.2597110635334
3452.1330887391373
3446.494178264588
3440.8644787070343
3455.5650742317966
3454.0871831405407
3452.051868550572
3460.815631180297
3451.5513432158837
3444.533466519463
3438.0829283059365
3429.984495887084
3421.354672557272
3408.6174830440127
3407.7136737805045
3405.7095991847873
3402.8827420113835
3403.0795977754647
3402.17834323275
3399.6301822063865
3397.083929699789
3392.620792424572
3387.616984678165
3386.173523677392
3383.6390687897574
3383.2896798793795
3383.213106957604
3402.4052649163477
3397.1499963528217
3384.4720741107526
3384.4720741107526
3393.469057357453
3488.328229121713
3488.328229121713
3496.3056171712387
3490.8152838866185
3492.407712804736
3477.092444116837
3457.256205227831
3470.132588630398
3457.9955692856283
3449.920990171735
3446.404619516053
3419.9408192461988
3419.9408192461988
3409.815686329459
3413.7280137087746
3410.253420776992
3408.1041680397116
3406.4842484077853
3404.600989252746
3411.921140884916
3407.9076930098686
3401.520995094596
3399.63620013557
3397.48872807623
3398.673779379696
3395.4733923415342
3392.012518010501
3411.5810168204885
3402.7452005200234
3397.380888441987
3387.774986560147
3386.136322985143
3385.029194400543
3382.8622877457633
3384.672240984205
3384.3626065458734
3385.1129323489345
3386.3935494653147
3385.5531828906664
3386.5688488455335
3399.3286977633034
3400.8795585032
3421.2523124339764
3420.6846895351764
3420.117160811177
3430.902320345597
3424.456276671638
3432.9865092125965
3431.6027750909197
3430.487504189015
3435.0007393117135
3445.4069892677935
3443.4757770626143
3441.2765208810933
3443.11646247023
3441.458832071415
3440.6087807138865
3439.7589393217663
3461.64854932326
3458.6540552869033
3447.541030436445
3447.541030436445
3461.8295251874256
3460.704768608214
3460.661340792474
3461.6995391947116
3458.955361455102
3458.6431591463297
3458.402356564112
3458.402356564112
3446.517308913999
3441.9052025194046
3441.058272058346
3440.7482090015933
3439.6328181352765
3437.9814777614056
3440.3538432156397
3446.2216802117932
3448.331986409816
3448.290059601366
3443.31919443849
3443.31919443849
3443.0082985433833
3442.697430718941
3442.6552368472294
3442.8817909740574
3438.993336743476
3438.993336743476
3437.343767524209
3503.8096106092203
3507.937705888755
3508.1508676536578
3506.9652581339515
3507.7375292115807
3510.7490113021063
3513.2026145500927
3510.8933179451797
3514.6897011120545
3514.6897011120545
3504.351723031828
3503.7361417294737
3503.1206685613392
3503.3382559390006
3503.833657026291
3502.3856390370747
3497.531647227106
3497.531647227106
3492.5355188960857
3487.5465273977857
3486.94668695352
3486.072646131988
3490.9641079105295
3488.7105091675717
3493.062129513028
3492.1797225099313
3492.1243506141413
3492.620483757826
3492.2896402022516
3493.0616272727125
3492.052312574036
3492.052312574036
3484.0452407647995
3484.0452407647995
3483.734900200866
3477.460680362357
3470.171632968586
3470.171632968586
3467.157798231591
3474.1571230367713
3474.113696072733
3473.7989605322805
3465.2607292685075
3465.2607292685075
3460.888374441421
3466.7599007892645
3456.4635914943856
3456.4240859777838
3453.965057931056
3453.3888775466544
3452.8127932789853
3458.2406491235774
3458.2406491235774
3452.1242370456866
3446.283132808741
3446.78795985285
3440.943236112146
3434.8448515432588
3430.075428819893
3418.1912088472277
3418.1912088472277
3416.3310097787753
3439.6353823039735
3440.401335437429
3464.6254084242437
3450.3047860693123
3443.5404512991927
3437.5946334179184
3465.378076657983
3463.6886161507095
3467.214218511686
3472.6266579582125
3467.3927790165694
3467.888109165978
3464.0299441724555
3461.5352608796147
3464.750445407496
3461.9770654604936
3482.071966043934
3478.439711326348
3452.5169328073453
3452.5169328073453
3454.6218867147886
3450.228612162194
3445.2986489605723
3438.754800634367
3434.1141428224696
3462.129022353479
3450.2677035486413
3442.5395037173485
3436.1948096909837
3430.4061976058065
3421.904144033144
3428.6596767460605
3429.4150311300573
3596.355548160408
3575.272850933873
3548.7073685032824
3473.2122607117694
3473.2122607117694
3491.7664898115836
3491.7664898115836
3501.861609746098
3455.8261758385047
3481.8811783487868
3478.0835940731954
3455.0864054401395
3447.711088895867
3440.662400571382
3460.006264742238
3444.4322245860285
3442.0201823819443
3435.85387380587
3438.8145153034407
3424.494309143284
3411.165807785012
3410.1237526093632
3398.104976075558
3390.1510835557974
3379.1397544031825
3397.988524280909
3398.3927889547244
3430.629358681708
3424.535919284792
3422.781115114417
3412.0977052449043
3351.5552607094655
3351.5552607094655
3514.7056414594626
3458.7745743062774
3627.1442847334965
3683.1358389926345
3665.457603625301
3607.7610717144007
3672.274570536906
3693.8558223787495
3648.6539562782255
3718.0782444730175
3670.868931420497
3665.2706792522577
3711.213846986649
3760.0199407653286
3815.7030344283053
3803.5526128144934
3910.632358221211
3922.047859290737
3899.7517781558267
3895.514484837209
3926.429535864202
3972.5131674103523
3963.39236031156
3929.531596848641
4120.817291496351
4056.1874088722125
4063.9787118699596
4054.064171230671
4000.948642929627
4104.566865396095
4091.4227441373196
4097.758778097115
4297.2336048158195
4297.2336048158195
4199.075986017155
4134.627705200934
4099.399893824437
4094.1678391220357
4088.07722642135
4063.289457761336
4017.5213673675935
4018.023488317612
4019.2917249348125
3980.9865649812123
4128.355286544491
4108.446545910523
4224.1924286470985
4155.6795164629375
4128.486171709635
4153.886180544403
4107.16485121847
4088.5976685987066
4166.658125256302
4122.963516348049
4132.710451261581
4090.8272058625066
4040.6538585846097
4096.668095122035
4055.857684807989
4052.1319938172264
4035.3848564848713
4150.442197149326
4129.294730752333
4141.597250411219
4121.464416486284
4098.334965550242
4074.8198020969617
4058.584602716107
4030.651557840518
4015.465857196564
4131.864516903384
4073.5467642905633
4010.0537671110674
4012.639985640426
3992.695255974563
4007.3864398339397
3990.554929388627
3977.1791624673633
3969.5938888585483
3951.9646647074956
3959.5930642299754
3951.639718793185
3920.6551182229
4006.716941812786
3942.5281960001757
3942.5281960001757
3975.2665133643122
3936.809414363781
3959.907574187772
4024.673041168425
4063.812396750992
4041.065467360973
4077.7505770722314
4067.1225712424834
4157.733264201828
4158.684010987807
4131.033880319172
4131.033880319172
4112.427968212445
4212.588896617128
4212.588896617128
4177.743104422535
4321.9939179928315
4296.763061693248
4287.81713319221
4270.189680675852
4274.3205093670185
4274.3205093670185
4176.5391336063185
4107.484141827334
4161.968180800337
4151.681046172855
4112.34848628633
4145.610684893529
4128.415773503473
4100.959305429452
4076.4307447365445
4043.547822326874
4043.547822326874
4022.2572520443364
3994.6452999831936
3982.175386315157
3953.995482340852
3953.995482340852
4048.8963287985885
3982.09089977537
3935.342111480318
3971.6867820670514
3936.560534986613
3918.5360133796325
3892.1598071215712
3874.862334859411
3874.862334859411
3853.931280247074
3861.8271289942113
3847.246297657597
3828.02670474553
3821.2915626147887
3880.525136120167
3874.6493184373358
3847.5043005888488
3888.757595890769
3809.0736093115543
3809.0736093115543
3802.488849217711
3855.2007521653304
3831.765137439471
3784.989411435918
3764.96104751265
3868.4927622682885
3860.1557062614165
3839.468271001488
3815.9554330823503
3797.231539049978
3775.1104846890285
3824.7319008098807
3811.6123689316564
3870.092493404076
3941.3168776085613
3922.984784031356
3921.98329173978
3923.72436117677
3876.895558625596
3852.6957591526425
3842.4495087800924
3840.197795419641
4012.732396370995
3968.524051468364
3920.3115648969583
3906.383718261944
3900.866620161221
3927.550211536859
3957.5531578657406
3941.320941594337
3928.9844725310736
3898.9719103647894
4016.1260749904477
3964.7834688411067
4007.214516491004
4049.0714848243997
4031.023534370815
3922.7836720518735
4055.1985057128277
4009.5247610921438
3946.879671824699
3883.4479496317035
3855.0577748414566
3831.959672569059
3828.9650550412885
3823.6886390911554
3813.451484755183
3841.0568988004084
3792.757629156104
3790.2551066600017
3804.238938025147
3915.1555032252436
3896.414689940671
3882.958823189659
3870.9577054371725
3854.9730102077842
3871.5202946010754
3872.3017863261907
3883.4244906524
3740.0096158717693
3740.0096158717693
3759.7614966380165
3757.529327749641
3747.823899842245
3703.339561778801
3666.28128715067
3684.12206672375
3660.2407934714884
3655.2625920994797
3640.226233837578
3610.7939925789574
3703.372498515657
3657.2301994996064
3570.3172135849486
3570.3172135849486
3714.2918721916667
3712.9896732304696
3709.1562714709703
3718.044683674324
3738.2038534012886
3697.194934347933
3682.443558929142
3704.428871605227
3732.0777719606826
3725.7322443948965
3715.43503911536
3698.73221106733
3691.0807832858077
3689.339239583993
3690.139903104022
3686.321504734451
3781.3081549507324
3770.3751008086415
3759.4355746469455
3758.1726933266596
3741.6244124505924
3880.464498266828
3867.6665448443377
3858.3898109550883
3852.5997449590345
3848.8004126703563
3845.0048271830055
3846.15832863116
3839.9062229937463
3839.6220854252556
3845.968176155463
3827.822846836042
3848.3915808533748
3870.8989071103906
3868.539439440428
3909.3656183236635
3909.3656183236635
3890.0892813198775
3873.960239637571
3865.47813466005
3859.764427761693
3869.1389111554554
3820.247305832231
3820.247305832231
3797.0605946365145
3794.4337473479773
3862.573085221139
3864.7224534316288
3864.7224534316288
3864.619753747451
3929.6464530808234
3909.1260108309216
3970.696617758623
3957.0316530999044
3945.455791195048
3969.708827532896
3962.641341892178
3961.7659898270326
3958.827142632365
4002.003128396865
3992.950616761897
3983.4211356729984
3983.4211356729984
4021.9332998039126
4016.601946587781
4001.073264589957
3990.278711036804
3987.314920081776
3981.2406783919837
3936.3559860923265
3936.3559860923265
3934.365435259046
3931.9196016313203
3932.581069776715
3928.5788951323343
3917.871476353091
4050.7222470187867
4046.4228665744263
4017.822898561108
4017.822898561108
4030.9500199768886
4011.146533375704
4002.3656918139354
3994.102188933494
3988.3728270296374
3984.608059082959
3982.8280029998127
3982.535796763625
3993.94798780444
3984.690810976162
4003.5017649672386
3996.677755581986
3988.366818100137
4031.0157507137405
4031.0157507137405
4038.45996831411
4056.367098717913
4044.495705972539
3995.97667895526
3995.97667895526
4008.9127066075202
4008.691129461488
3999.90198423437
3960.7818896873346
3960.7818896873346
4092.930232742864
4080.277242569784
4055.60552646576
4066.336702173679
4049.144266305663
4052.684743569971
4062.952205071837
4055.8042204593226
4050.8926861176233
4043.761334377886
4043.8615519940026
4040.0664878136745
4054.243926081547
4052.6618530928326
4048.2870021066265
4047.606309409492
4052.5520664397322
4042.5822067037716
4040.44106913677
4034.39024046487
4021.677344393495
4011.225202617207
4096.9373436118585
4121.248884144201
4116.071317422123
4117.306138817349
4112.143482442157
4132.294334838212
4129.03077362515
4124.0824050054625
4131.2024755193015
4131.2024755193015
4088.4727063616974
4088.4727063616974
4139.518755091546
4140.2543433856645
4098.720183531391
4098.720183531391
4112.289739099633
4122.806780226063
4113.183601627344
4100.74113575479
4084.359419163901
4091.859067763884
4039.5921960155174
4039.5921960155174
4026.165830176565
4024.0068513568294
4020.7286061765035
4062.2109223501193
4055.600434620092
4051.2339643724213
4052.449334561733
4024.0375211373134
4024.0375211373134
4021.9299364993763
4012.0077663477878
4018.5492745143233
4016.411156638643
4013.1614440154267
4025.816068874768
4020.353954130817
4099.980251469298
4119.87945408087
4117.214544634453
4119.564880868004
4096.404108162568
4096.404108162568
4175.633879954734
4176.206155644137
4176.206155644137
4139.823384093792
4139.823384093792
4133.481409761371
4122.447258821603
4124.849843468373
4136.72117870333
4126.888267865965
4158.49294357544
4199.636474827886
4191.513013780773
4189.258517107796
4185.836519270375
4185.339162651423
4192.608065673432
4184.489033856235
4170.5577927829945
4138.157508237899
4138.157508237899
4163.090718226697
4174.608557816075
4170.5751388892795
4171.239567601615
4168.386542933631
4168.465176258633
4130.306576479904
4130.306576479904
4124.612715743691
4120.655373216167
4116.701827544484
4116.207131442518
4104.182502822402
4123.214620594403
4116.322447579043
4100.205978087748
4152.307004678156
4188.424538780473
4183.794313452325
4189.723298163002
4183.3196802894245
4180.4525988058385
4176.999017694933
4198.343712650118
4194.863341405854
4297.998073417872
4294.257633081655
4296.1749213036255
4307.005185512267
4305.150731555419
4305.184196490971
4350.624780436441
4372.857375371402
4379.9061919159185
4396.961944507884
4387.991228920968
4409.803237516315
4404.071519439768
4415.419881740734
4409.058833411538
4402.706949088695
4395.089551009959
4392.584044043177
4435.222019450699
4433.301910287368
4430.733350155233
4431.413188165533
4430.14582736478
4423.686744841619
4445.8258291120255
4499.546645712895
4511.433209958255
4504.239768494624
4492.476351915943
4511.688814823176
4534.624250025081
4528.704884417678
4528.078382695795
4528.775193355154
4528.149261849465
4524.877697157825
4530.707463575434
4521.476271224703
4515.561334137727
4497.110908967188
4491.866037974531
4489.920440866586
4486.660345306371
4499.103203429733
4495.19390083912
4487.326563555795
4487.326563555795
4542.841179127454
4540.830968532627
4542.563049805871
4533.132678121333
4524.393555074358
4521.047062820738
4519.044999980127
4525.100359149392
4523.773166409822
4515.065540499148
4521.12325343265
4516.424514622832
4511.0595721444215
4507.714568783359
4506.382920921911
4708.848267869046
4715.475593742395
4714.931982436406
4710.477252094493
4718.047243130743
4710.3506885626375
4704.616068900371
4714.983817563405
4724.239223816464
4737.772451321722
4725.426905863573
4716.375573745105
4730.112984727317
4730.112984727317
4749.584760490747
4745.06605098502
4743.1888848995195
4741.778145367357
4727.396946622546
4722.250248408071
4746.597297080535
4733.436759435054
4728.234746871061
4725.02288108526
4718.513605540384
4718.7533398543555
4718.7533398543555
4701.785065269708
4700.578773147564
4696.106687469395
4696.917480400578
4713.516151990814
4705.706104777721
4699.879281138233
4698.660309511505
4696.785050005427
4698.850794839502
4691.0817266054055
4682.670964629864
4700.041243684569
4696.840143414956
4691.6691448227675
4699.649451877258
4694.493756531378
4694.19598700164
4689.7020714637065
4701.346801921549
4701.346801921549
4703.308271332448
4700.104945958301
4698.878911852656
4694.358975104636
4693.790987971835
4724.372896573773
4720.5248165268085
4724.648206133889
4712.268129822705
4705.162899722409
4698.7216036971
4697.517188687974
4705.663390271357
4724.910064470264
4724.910064470264
4754.229267092231
4940.624922869445
4930.600932495141
4957.453492058568
4947.43258226442
4936.793879480029
4928.084141992773
4911.124373438726
4884.143919479387
4862.342351142324
4843.169744545368
4894.227699172005
4932.349251919071
4923.0817204369405
4930.804746342871
4965.389370996149
4946.029280561886
4942.414938175343
4939.490413667339
4932.162978525026
4926.101093812276
4920.674348193435
4899.650324848844
4905.16410510327
4899.7709208543765
4895.007046887816
4935.650410675881
4928.2597351803315
4917.724236327928
4917.303961005807
4877.383340521167
4877.383340521167
4874.346034280924
4849.216498523322
4838.981957018686
4829.381542073203
4821.638537841357
4813.29738456568
4805.581330547291
4810.9964670094805
4792.867952201261
4749.710906406344
4749.710906406344
4884.345784941997
5122.110885780359
5081.0083824440635
5059.649039371996
5045.08541151131
5027.901069295939
5019.4268431853
5015.9939029939715
5067.407959058653
5058.986889347773
5053.888071041902
5047.474496765973
5034.469330259242
5058.188361592558
5027.1281065187495
4991.667213569871
4965.633522273674
4941.681842471098
4923.039263324863
4914.794533588606
4909.151707616208
4891.9266071183965
4877.549154233345
4877.549154233345
4920.990518203325
4926.353853682802
4918.7759623137545
4940.565313141769
4943.367123257937
4931.201604655969
4917.127168513402
4923.776262170767
4923.313627644755
4925.834966944894
4925.834966944894
4955.046123407989
4955.046123407989
4944.174291702251
4937.862235685934
4929.611898976888
4919.436853707392
4918.974372370397
4917.86623047469
4914.820899127375
4919.082183379045
4914.747205888054
4934.8647932909535
4922.03752665456
5009.301441441627
4999.330488340711
4996.782792826567
4990.865202280378
4980.92323999412
4966.30019759712
4957.734134232539
4952.529048784049
4954.684339612891
5073.827422266095
5048.968042234534
5023.574154754104
5007.417924203504
5021.798435164773
5014.162558818559
5008.49440340584
5001.5322575973405
4997.180690452158
4994.780366945324
4991.731595623151
4985.443726598137
5008.054840149557
5017.286357808653
4997.350149024505
4972.986499112429
4971.964004997226
4961.8869085614515
4951.830236222166
4946.268284633381
4931.753108692864
4917.9166311823265
4926.455711212895
4919.658169925772
4933.396169836111
4988.8837612409925
5039.0074703831315
5021.187941919452
5004.073524604372
4995.958925130999
4988.497499517245
5001.981432861101
4995.770853447905
4994.25455318301
4984.845541855734
4977.371989274108
4982.420466577515
5039.431324558987
5042.253969751532
5072.600768443497
5104.059883922093
5085.764376972384
5080.704887617895
5067.123590757498
5052.268586964904
5051.242339192713
5030.517069634363
5020.275730691742
5015.267051237719
5010.913434927244
5008.514634900674
5011.318609230055
5006.311262173834
5002.6084134995435
5020.2236040032885
5008.673172764585
5010.827097625746
5005.173880152089
5009.924701259364
4995.874943857916
5024.7116118624335
5014.607161305226
5099.717478571405
5080.751166822476
5065.962428752085
5065.962428752085
5089.100987944297
5100.325071129449
5097.354692727693
5095.0285949433555
5093.345411265823
5096.157667388261
5082.317353590548
5094.965486676397
5122.993144133322
5118.71286590987
5106.063861675422
5108.238842927598
5113.438391998227
5110.396625594742
5110.396625594742
5095.260529645089
5091.675309756415
5083.629594795275
5124.239480629476
5106.720450946594
5122.687830718803
5170.810871008669
5162.608321127978
5155.715102596057
5158.165109530255
5145.468849710827
5147.658338093832
5138.886687021925
5138.497408631605
5165.277307889607
5163.576653661958
5163.175735474649
5155.625435892088
5153.274221227574
5153.521495272867
5159.32396286609
5151.1163258632205
5146.813288497478
5145.76022725456
5138.227397028474
5137.826735703537
5207.437627391901
5202.338175646483
5204.77946934057
5207.673412006088
5203.909533091816
5304.89307316544
5303.174361957746
5309.960441567964
5299.641753734803
5294.626908282689
5288.299083683932
5279.343237832293
5278.950498969935
5277.898991058865
5273.558054081261
5267.2475427186155
5261.600609214198
5261.210173115604
5260.819765989249
5269.44314421152
5269.44314421152
5243.555116281396
5298.4505613134825
5295.491512482711
5294.482420661262
5290.230547004577
5292.244869463395
5291.435043505973
5286.541843224773
5295.259234113545
5292.948983143482
5285.452488070862
5283.150332358607
5273.739494445324
5270.156347445034
5268.510109384512
5268.800151674061
5264.578148380716
5262.936414294405
5254.224817077582
5246.811820507175
5240.049448303315
5219.900582606736
5219.900582606736
5206.905277657205
5215.9757039443575
5212.4887042062
5446.67837527375
5400.732082282158
5534.866647831254
5515.965856222215
5503.2215383222765
5512.249779294426
5646.153646331188
5765.6410787154155
5761.441133867465
5785.659319802677
5779.661302641155
5792.588194349295
5725.987097888862
5786.364851193181
5735.273327436184
5699.081495493263
5695.003312559414
5648.874016271284
5669.362123061643
5669.362123061643
5609.574327577793
5599.6608900756455
5587.933779028839
5582.363237860934
5572.907724047203
5571.893422618453
5569.473380648319
5559.487959856691
5572.746986057506
5605.188608479925
5605.188608479925
5492.011415161038
5501.80826010108
5496.863574091215
5486.221376872941
5476.664340824476
5468.189037668957
5471.154349797731
5558.1972135937685
5582.849671090185
5540.775130633198
5510.599927064555
5492.199209587355
5470.193987310664
5494.876391357988
5511.876551163685
5480.8967732035035
5471.67746141452
5439.320395205286
5421.142513825496
5416.014509955173
5408.818443770773
5402.1501240710695
5383.1164004442835
5354.888021349337
5343.977322553559
5358.458318737223
5347.302760008717
5347.378567806992
5319.587657035299
5350.386627413154
5350.386627413154
5312.851905909014
5283.574457060322
5447.244193477074
5426.4477454320395
5451.202397879277
5433.851582469098
5419.791038362876
5464.973451190101
5445.195847668749
5427.013113872273
5418.481276022655
5442.0192126851725
5444.6489976761295
5424.401328965834
5433.73277912428
5424.136178339991
5442.617274073046
5532.116073152954
5546.430424500731
5528.742590177603
5625.63974150465
5640.902732804739
5622.581945737424
5588.80550513171
5558.188978424678
5669.8935716564265
5649.908199809559
5617.1018190143295
5617.1018190143295
5602.656667702043
5596.293064394558
5586.194790709067
5623.687182324242
5622.5422551441725
5605.533503956945
5599.211832334864
5624.6589261035015
5666.983396258371
5666.521758148788
5629.137097144973
5629.137097144973
5656.064331567519
5639.05900144754
5656.266331801543
5630.881951569476
5621.998775389701
5619.458308273905
5610.581254209481
5604.877919505536
5596.545025116614
5596.462184455538
5594.460277927074
5586.162572342632
5575.780069245365
5623.318554558913
5598.905085109331
5587.826142692344
5569.341325189319
5554.080822019133
5525.670796327007
5488.024124488845
5490.9137541866485
5483.717301754764
5466.659070392645
5447.074350132124
5440.455329482418
5429.732154962075
5454.057331528765
5416.356492290633
5460.490825041374
5435.329637746132
5531.671954400258
5531.671954400258
5555.013001042031
5501.519846892899
5501.519846892899
5521.860520447794
5488.178786737833
5498.823296509394
5490.353651454715
5478.873187664385
5456.332013037285
5432.385302025686
5421.029633976257
5423.395730116822
5412.08337133786
5412.08337133786
5557.6584826986755
5486.569047120722
5467.574891198636
5464.995948933712
5529.206738135808
5544.684520506216
5518.3607782146955
5519.8257448288105
5497.454592676336
5502.131371786539
5501.800211075301
5502.525348829791
5467.59862579193
5456.597058846045
5484.935543196669
5483.2127081541
5502.619442693733
5491.985211327748
5481.903491810163
5468.115075646514
5459.129557826327
5454.9326265483105
5462.755495466712
5453.243674233859
5437.935886041296
5514.822301319452
5507.007435654248
5566.6979673729975
5561.553109678187
5541.748397581445
5499.204647064646
5499.204647064646
5484.0321228428475
5484.0321228428475
5472.232274941377
5459.425806604212
5445.10942997169
5500.0867323255625
5446.334350635853
5622.134210640992
5621.538486411345
5602.123197627726
5553.976788357678
5518.836019769213
5492.056483677371
5480.274917010303
5567.984821319846
5668.075977036428
5679.069403538734
5651.586269411295
5631.5922733467105
5611.177812755657
5609.61806280667
5551.644656581976
5596.620018331405
5593.326882785437
5588.546647483525
5637.4128729909935
5628.687407866282
5626.413893607962
5618.210960970897
5628.565466486476
5592.939750061089
5705.73720661841
5692.444019958442
5624.072416729052
5624.072416729052
5572.328803720534
5548.47622079401
5567.032548477866
5443.654024463956
5412.612209585297
5432.609687739747
5427.50316037773
5416.568785179644
5429.409519958848
5579.436167063172
5568.677703414026
5547.304279940271
5505.180495612195
5504.6602511715155
5456.013060106583
5466.335954697867
5453.389807575021
5639.071818210526
5610.916214099063
5599.4002447633975
5536.236318375255
5784.97150725083
5943.339944714006
5895.390789942848
5845.641615548177
5825.631460833494
5803.597911794646
5769.958724604468
5752.004018940094
5763.551545333371
5728.988259903051
5986.3835181515515
5829.892851461385
5808.573979052361
5774.962866363848
5832.212771974836
5788.59117975375
5758.105267858676
5662.655430640635
5561.554559249593
5635.415010008092
5700.976705098185
5701.768942705261
5685.266378166772
5690.494026312629
5643.543224102046
5558.482507885163
5648.6823249112795
5796.979786360873
5785.107980847763
5829.875353049885
5773.899137147423
6054.966811513703
6054.966811513703
6036.771808684564
5946.728951107325
6042.604528040931
6002.5659030124225
5970.12918138297
5985.226958597037
5984.635984594327
5998.958319853213
5954.84552054969
5926.847546456617
6193.132339793846
6184.405080987225
6210.856240188126
6056.633143879783
6013.410719928718
6151.993846116351
6128.015172108121
6128.875707205261
6199.246596419398
6150.206239065555
6143.719059392277
6154.482188853351
6146.655324989867
6146.947067706896
6133.326161405906
6100.5558793291575
6119.380293290869
6078.084247776694
6057.53947378588
6060.045634438055
6060.045634438055
5865.563365929559
5865.563365929559
5994.893261429007
5965.547637550739
5924.653522631486
6057.582539920571
6029.58910225482
6133.861063824916
6101.615800080329
6080.03375875262
6107.426975970027
6135.771153879903
6123.55557089918
6121.222053007271
6110.1907585744375
6081.801529374042
6080.441963122675
6071.718274946637
6067.892731021619
6053.91129485389
6073.21419067153
6042.134378069124
6053.291335052639
6325.257067177503
6265.702513254683
6223.440009836534
6192.791214252533
6216.0215837677815
6173.684113076623
6148.5677224401825
6134.484860141686
6126.916262985656
6102.671994821986
6094.45753090506
6089.709613445612
6083.236149755208
6123.9231855931885
6117.707175969756
6125.596777887823
6072.997115155751
6062.278696741507
6039.4087381875925
6103.907343312427
6171.597091033297
6186.469102891781
6160.399324329874
6134.770228817962
6152.096972812938
6142.672444867341
6138.185494825692
6127.039424694501
6178.705810510746
6178.705810510746
6373.54844736237
6368.792591512436
6354.552445034153
6496.96717700025
6507.307695516129
6502.78305932222
6469.860327264928
6452.177811343055
6434.887771917609
6413.5605116630295
6424.273116371507
6434.658140622808
6424.18818075125
6437.778531875404
6426.221329342106
6490.901151077196
6490.901151077196
6500.064892723064
6506.498386573031
6515.229020344251
6509.694820061452
6615.3343606481085
6567.050462775086
6586.248575686826
6587.161821048133
6828.85806378296
6773.271967750755
6737.227824711859
6758.756265880024
6917.163733804261
6921.22518247776
6859.0643579785265
6854.680925324775
6866.911099149159
6814.341752230166
6826.0220399758755
6873.152466323851
6848.9259686085215
6743.639823790287
6743.639823790287
6825.693007828057
6974.200712252428
6866.793606684804
6811.026644343864
6767.2740472537635
6744.469423920388
6735.143392703572
6689.730392351143
6701.457984432426
6686.988717705109
6668.420756354355
6650.323066060791
6708.04120861587
6716.552080737524
6678.292322656003
6646.151918530851
6631.74174380246
6572.87419697231
6666.595667570845
6588.067683617815
6608.416162443871
6630.771593761045
6538.452894462263
6538.452894462263
6547.319525005379
6539.00470879775
6510.791532737829
6462.529861837557
6468.370776399164
6467.4694753283875
6455.202634539372
6543.5661561983725
6569.774858769693
6505.155987691608
6505.155987691608
6391.886464785816
6323.261325633152
6413.461325394403
6393.328382018264
6394.461104062684
6374.46049633113
6349.059849553593
6358.476454617216
6332.257788502029
6314.291253534593
6302.978977019156
6254.378202762069
6307.125720919963
6314.5306051952575
6298.783396940497
6283.075459153065
6479.831721162367
6459.786134756216
6449.462886744867
6425.4858618634225
6502.573068143565
6389.78958298945
6500.471018740922
6500.471018740922
6439.507720163628
6258.047939426295
6274.767110234068
6384.899929293095
6338.219617120966
6333.507574788442
6313.304110692489
6333.605348139135
6392.704341499961
6371.758898952893
6386.177341203285
6365.16132800089
6412.633547966254
6325.849885975558
6258.443295680993
6303.608732787305
6311.994855134126
6392.01202436331
6387.317682863557
6570.829900915976
6551.187688733009
6559.213659646052
6525.340556540283
6545.500965457895
6512.811179563068
6805.422481844866
6805.422481844866
6735.043437317395
6670.501832304327
6739.62503834054
6682.458775695121
6655.714827937827
6647.0856807142
6673.194982004956
6621.4209608141255
6605.861179523256
6744.192900955049
6744.192900955049
6776.895725714393
6835.509231138298
6786.52993040963
6789.174802370091
6721.0556378487245
6783.723658551843
6783.723658551843
6710.352931031378
6688.582571557675
6659.406943198337
6958.604583717748
6850.893326602596
7158.694176776386
7158.694176776386
7187.366632010817
6827.428632644051
6748.067497885781
6715.894007030113
7042.817055910901
7030.83852850463
6883.193800507965
6806.219968215842
6711.312655361971
6899.099035604154
6876.949113834264
6962.842873518562
6942.781588288766
6852.387945945473
6843.732221508366
6892.808878136143
6751.120174132702
6734.945896433141
6683.210648224689
6719.979478057201
6948.168337017302
6805.401543043429
6820.804285007389
6734.368875729954
6717.716618146331
6672.4461875858615
6619.211894716536
6592.811393690506
6792.0385011601975
6759.802810667042
6901.139622461515
6713.766873648597
6649.152124929867
6618.616086018252
6533.36679082864
6826.901627359441
6818.947097562187
6743.885122541252
6720.806421547234
6722.590075755898
6712.928299468547
6872.109682445651
6881.115641111436
6905.723213241028
6832.546400093113
6786.303522538294
6748.889146687843
6532.539820936511
6532.539820936511
6721.522238331148
6763.929550557807
6769.081310896239
6769.397201357414
6810.424046157377
6894.3388447541465
6876.56159550831
6853.378446241215
6835.051773703341
6885.30884413039
7003.644519251529
6946.4295385040305
6930.542419895433
6912.218540571663
6885.782591389319
6916.2715204588185
6814.003813065668
6797.222082968337
6790.831787420989
6965.122979212127
6923.70969401071
6888.637459130794
6852.5942370992425
7062.495246194994
7114.673220233556
7023.768360878292
6887.151548695945
7015.5675917444505
6953.064755709143
6930.635899269525
7268.0123701459315
7133.230106207942
7094.805413364626
7067.7055359039905
7273.879638882532
7363.995931737123
7266.28830215583
7200.578736047905
7340.515577771127
7258.318267589636
7284.8541031587965
7410.792667453243
7383.624898415282
7334.872587126237
7291.442513243661
7348.636156433331
7511.305640866028
7369.751485927734
7398.237681504459
7349.848835657489
7584.037521068922
7488.691314444588
7679.421585675667
7717.0009876661425
7555.239391322202
7745.472238824763
7784.7817761601345
7712.263539768366
7711.753513920153
7667.757748321052
8041.01657857304
7903.97660327442
7934.289261008522
8120.34481366
8109.455776078226
8041.061862838662
7907.033127654366
7870.448871745511
7819.84596491673
7766.168430008818
7885.439748728905
7885.439748728905
8044.831503918216
7990.192090458831
7958.064553293454
7933.099969504425
7708.290444633972
7681.972566875593
7490.78303961522
7380.942441322701
7355.4568823295795
7324.070499644203
7375.639813868896
7339.584001447496
7400.491129221885
7393.625345155836
7330.555245596699
7113.685467133315
7113.685467133315
7240.54873875963
7240.54873875963
7287.106126810272
7261.102044606755
7349.077020423769
7281.815125396324
7206.226981806885
7261.963496318853
7210.557074843611
7175.103480425075
7164.735197019561
7135.796769721015
7147.127124320845
7106.972560193091
7218.776783118826
7165.469722300593
7131.161819928939
7079.049464945875
7065.5862954933555
7062.2047849718865
7213.079143582276
7200.972467960097
7171.3977047535445
7182.657193182848
7335.081098068502
7356.5500039418175
7253.577842500156
7135.1194511527465
7135.1194511527465
6951.5538925717665
7105.007423876075
7086.079772547314
7074.364335021188
7072.982749158236
7064.945332456208
7055.868943692324
7072.614126886642
7222.851550114812
7231.011930015134
7209.9054441198405
7212.043197608431
7189.181605820182
7206.044153869795
7192.803735336693
7179.587644809246
7151.115614025501
7290.000837526259
7555.941914291758
7566.944621896454
7552.709348152825
7564.310176053482
7537.890555669937
7527.048762894734
7518.598145486604
7525.544996028209
7627.558697996624
7627.558697996624
7695.536502011946
7752.789358890836
7721.252064169546
7670.486098124866
7638.1684140178695
7613.576208115346
7603.461622517412
7601.74399593842
7593.230562371998
7616.585977729815
7726.023100414533
7674.0326940200985
7858.041484999694
7831.47311174704
7835.290343407356
7830.2281676500115
7819.320862167124
7863.018933336226
8083.971330568629
8067.7582288765225
8121.373846954474
8121.373846954474
8121.937664771384
8278.121102517225
8273.127716669864
8297.04274838791
8257.58330661746
8229.318096531722
8312.938571471808
8266.635329353268
8234.01201547372
8603.954412454646
8565.326475368585
8584.489388180536
8560.27164185575
8523.776498718213
8496.049944069286
8475.600527169056
8517.750702243615
8660.588261936495
8660.588261936495
8664.989156932816
8609.140780103095
8587.888691827426
8575.467893584266
8702.24406984879
8692.21596467858
8622.65026510802
8739.381901610586
8739.381901610586
8657.922139309694
8696.003253989104
8709.113353142591
8661.826520866047
8683.188902110316
8642.376089994399
8769.819634115122
8902.210336059212
8937.474809850399
8858.635231427355
8827.417391943312
8786.284021787544
8746.825016191824
8787.106195122218
8757.521209262824
8742.800261257595
8725.53049550831
8576.631437652532
8576.631437652532
8514.066878248035
8466.55593411609
8487.003080341437
8513.91373296575
8518.778183587392
8569.48738105124
8635.828717831566
8620.973347825033
8620.90481542945
8650.772354826526
8635.176178794794
8621.121338155619
8584.156062702898
8561.601827448869
8559.29574820396
8536.7475725291
8795.235546898231
8770.780748291396
8932.47225980903
8814.010919794327
9124.424737583906
9265.107032373322
9207.0562173916
9393.164721553252
9611.411737278353
9792.255343563616
9770.570325326895
9726.400791038228
9717.363591225176
9739.592990499084
9894.1180148178
9851.341600442056
9825.276443710567
9998.97505360501
10034.866680797735
10257.326530176324
10212.076537784684
10217.969957853682
10215.292445270694
10300.385947105395
10383.790955597447
10348.658760526356
10233.298385551741
10149.366130902901
10492.894601457516
10500.75341235493
10492.92006776392
10486.714575725033
10632.028986853766
10568.129470332295
10525.164766219965
10518.392703958445
10455.705030896479
10575.902894201005
10541.635159199343
10484.153962382252
10460.73575104202
10458.705461570808
10380.83143172834
10526.21592614517
10472.284162909844
10443.760194102402
10422.31504784571
10413.92869082073
10690.685107205907
10669.85579515572
10506.381543528667
10506.381543528667
10428.177013980183
10347.49338418517
10303.658655259198
10303.22373200387
10284.906991755104
10244.836167545222
10223.389489993333
10223.389489993333
10225.680171681288
10472.618439983136
10478.947627307774
10483.076403160423
10555.831026908923
10559.076710756755
10678.837780828962
10627.991294992431
10522.592960827671
10437.272715384752
10384.107927860721
10330.70477345902
10315.714823510869
10224.1374398034
10173.804406651545
10133.74508313136
10107.78450527861
10093.85998104666
10025.556940274191
9863.792085839828
9863.792085839828
10022.00326301554
10009.053114898838
9975.125949005196
9970.757546283568
10004.651180994995
10090.071000926939
10039.302893641054
9997.552135315183
10009.067422208327
9989.65283428587
9962.43061830119
9915.939636205347
9911.186909028092
9908.496141243813
9871.588975907725
9871.588975907725
9838.62950711453
9837.98923164259
9992.906007000918
9969.886000185648
10310.380482074745
10296.654052202932
10279.487659485652
10279.113392864601
10271.329167701231
10259.811933464054
10388.783995609623
10388.783995609623
10382.772777882343
10347.758783130264
10330.366701177792
10295.952217715654
10307.242918198426
10266.963873650611
10317.680842551697
10454.432830675501
10457.897337420778
10387.210780761347
10319.91512116313
10229.251098599989
10123.186067500928
10051.525452582933
10018.500339620656
9998.34555208141
9981.997681401397
9949.658609471859
9943.659274119922
10065.656067465836
10065.656067465836
10113.063315334719
10100.48689107088
10093.280057181033
10082.668473553347
10048.312298965959
10153.5099101355
10143.036619464821
10135.468145904166
10076.172084878119
10043.441853929618
10148.360065716954
10097.897426766967
10202.511713793527
10253.929764073187
10267.525764169146
10294.739407641493
10341.154236499415
10324.108206274506
10450.208903316769
10362.99485919483
10352.257713452358
10324.62628354118
10364.034895343157
10322.42501461031
10333.670845025401
10398.773132935465
10385.589160767426
10592.723966807176
10560.29940834655
10526.452956621577
10582.447646345905
10568.20692952772
10546.84058534667
10519.395639015898
10556.627326462267
10575.083307004646
10532.757310565663
10504.348397874124
10486.658749849918
10476.103330284166
10480.24121485887
10520.781303130043
10565.3842885718
10558.842602930363
10560.833958512128
10534.882262122901
10517.64111506177
10504.501829052933
10509.691009143151
10492.965263293141
10470.174457296152
10465.70305183394
10465.797751678256
10494.248287054359
10492.320255108387
10481.25690454713
